Topic 1:

Mean of cosine scores: 0.03365867900131656
Variance of cosine scores: 0.001858825606296567


Topic 2:

Mean of cosine scores: 0.03224690677796217
Variance of cosine scores: 0.0018120584727182069


Topic 3:

Mean of cosine scores: 0.029856620708413138
Variance of cosine scores: 0.0017719929681312913


Topic 4:

Mean of cosine scores: 0.035026697271146844
Variance of cosine scores: 0.0021237829732115737


[[0.03365868 0.02478327 0.02455432 0.02429043]
 [0.02478327 0.03224691 0.02583303 0.02433018]
 [0.02455432 0.02583303 0.02985662 0.02499152]
 [0.02429043 0.02433018 0.02499152 0.0350267 ]]
[[0.00185883 0.00048982 0.00048194 0.00047898]
 [0.00048982 0.00181206 0.00045119 0.00045452]
 [0.00048194 0.00045119 0.00177199 0.00048708]
 [0.00047898 0.00045452 0.00048708 0.00212378]]
