Topic 1:

Mean of cosine scores: 0.13924074870110106
Variance of cosine scores: 0.026595273728414255


Topic 2:

Mean of cosine scores: 0.16813116301541173
Variance of cosine scores: 0.0340302749455126


Topic 3:

Mean of cosine scores: 0.16483454130063524
Variance of cosine scores: 0.03592413794762898


Topic 4:

Mean of cosine scores: 0.14274642230488574
Variance of cosine scores: 0.028973879219019956


Topic 5:

Mean of cosine scores: 0.15909761708088982
Variance of cosine scores: 0.03414809730255205


Topic 6:

Mean of cosine scores: 0.1365186152327804
Variance of cosine scores: 0.022542933292430768


Topic 7:

Mean of cosine scores: 0.14140730040438348
Variance of cosine scores: 0.02486996968395165


Topic 8:

Mean of cosine scores: 0.1426821620503969
Variance of cosine scores: 0.028151050860598166


Topic 9:

Mean of cosine scores: 0.1380060053047463
Variance of cosine scores: 0.03215319338213306


Topic 10:

Mean of cosine scores: 0.1831209554739177
Variance of cosine scores: 0.038171841820640984


Topic 11:

Mean of cosine scores: 0.1306985014060177
Variance of cosine scores: 0.02626827566181148


Topic 12:

Mean of cosine scores: 0.15220667166202653
Variance of cosine scores: 0.036075837122442764


Topic 13:

Mean of cosine scores: 0.14607161594886456
Variance of cosine scores: 0.027250761011436173


Topic 14:

Mean of cosine scores: 0.16323066584682128
Variance of cosine scores: 0.028265259741243016


Topic 15:

Mean of cosine scores: 0.17674931734856034
Variance of cosine scores: 0.041166961042770664


Topic 16:

Mean of cosine scores: 0.15621572790766283
Variance of cosine scores: 0.030514409244005117


Topic 17:

Mean of cosine scores: 0.1565690534710012
Variance of cosine scores: 0.030384772901090658


Topic 18:

Mean of cosine scores: 0.12327044298675272
Variance of cosine scores: 0.028264042699229795


Topic 19:

Mean of cosine scores: 0.1438828698958567
Variance of cosine scores: 0.02868840135193455


Topic 20:

Mean of cosine scores: 0.15933742882539292
Variance of cosine scores: 0.03643945205036685


[[0.13924075 0.13381031 0.14188814 0.12221416 0.13447866 0.12226268
  0.13294234 0.12119395 0.11248112 0.13388143 0.12163373 0.12946354
  0.12314113 0.12984142 0.13019546 0.12726109 0.12887154 0.1133805
  0.12767588 0.12522917]
 [0.13381031 0.16813116 0.14737299 0.14014313 0.15084018 0.14014633
  0.14227788 0.14939067 0.12665246 0.1545714  0.13743389 0.14817442
  0.13871844 0.15065727 0.16253506 0.15152955 0.13882042 0.13370831
  0.14381785 0.14879333]
 [0.14188814 0.14737299 0.16483454 0.13613708 0.15196924 0.13645583
  0.14518853 0.13237173 0.1245577  0.15208191 0.14349588 0.14801808
  0.1431856  0.14737201 0.14938796 0.1445947  0.14802587 0.12771147
  0.14484797 0.13897979]
 [0.12221416 0.14014313 0.13613708 0.14274642 0.130345   0.12970758
  0.13230988 0.12735839 0.12755494 0.14530625 0.12885866 0.13261475
  0.13071864 0.14147583 0.14009596 0.13417372 0.13565876 0.11871957
  0.1298192  0.13071008]
 [0.13447866 0.15084018 0.15196924 0.130345   0.15909762 0.13526637
  0.13714915 0.13070877 0.11847346 0.14535799 0.13313402 0.14243551
  0.13568965 0.13937336 0.14577627 0.13788291 0.13589369 0.12762868
  0.13822465 0.13916108]
 [0.12226268 0.14014633 0.13645583 0.12970758 0.13526637 0.13651862
  0.13089469 0.12655722 0.12368998 0.13809039 0.12455662 0.13727602
  0.12964254 0.13854149 0.13815757 0.13686221 0.13151745 0.1207943
  0.1311033  0.13991322]
 [0.13294234 0.14227788 0.14518853 0.13230988 0.13714915 0.13089469
  0.1414073  0.13479842 0.12241421 0.14635651 0.13085071 0.13711812
  0.13087072 0.14239177 0.14775272 0.13802205 0.13893214 0.12120445
  0.13576807 0.14428453]
 [0.12119395 0.14939067 0.13237173 0.12735839 0.13070877 0.12655722
  0.13479842 0.14268216 0.12192962 0.13330337 0.12885538 0.13102108
  0.12814411 0.13835359 0.14998172 0.13578236 0.12960673 0.12069337
  0.12749006 0.13982745]
 [0.11248112 0.12665246 0.1245577  0.12755494 0.11847346 0.12368998
  0.12241421 0.12192962 0.13800601 0.1352555  0.11447616 0.13141065
  0.12291226 0.13717823 0.13546379 0.13083852 0.13201236 0.1144703
  0.1172589  0.12652698]
 [0.13388143 0.1545714  0.15208191 0.14530625 0.14535799 0.13809039
  0.14635651 0.13330337 0.1352555  0.18312096 0.14172768 0.14652751
  0.14116178 0.15741774 0.15803079 0.15040227 0.14371831 0.13605817
  0.14618064 0.1430596 ]
 [0.12163373 0.13743389 0.14349588 0.12885866 0.13313402 0.12455662
  0.13085071 0.12885538 0.11447616 0.14172768 0.1306985  0.1287502
  0.1275686  0.13493459 0.13922072 0.12994272 0.13268631 0.11781459
  0.13221642 0.12999599]
 [0.12946354 0.14817442 0.14801808 0.13261475 0.14243551 0.13727602
  0.13711812 0.13102108 0.13141065 0.14652751 0.1287502  0.15220667
  0.13877953 0.14677527 0.14937587 0.14075106 0.13666308 0.12374507
  0.13431966 0.14063648]
 [0.12314113 0.13871844 0.1431856  0.13071864 0.13568965 0.12964254
  0.13087072 0.12814411 0.12291226 0.14116178 0.1275686  0.13877953
  0.14607162 0.1409438  0.13980095 0.13658502 0.1326322  0.11936062
  0.13244591 0.13747983]
 [0.12984142 0.15065727 0.14737201 0.14147583 0.13937336 0.13854149
  0.14239177 0.13835359 0.13717823 0.15741774 0.13493459 0.14677527
  0.1409438  0.16323067 0.15653435 0.14635363 0.14453868 0.12346063
  0.13883605 0.15131518]
 [0.13019546 0.16253506 0.14938796 0.14009596 0.14577627 0.13815757
  0.14775272 0.14998172 0.13546379 0.15803079 0.13922072 0.14937587
  0.13980095 0.15653435 0.17674932 0.15670301 0.1436398  0.1313882
  0.14181715 0.14983761]
 [0.12726109 0.15152955 0.1445947  0.13417372 0.13788291 0.13686221
  0.13802205 0.13578236 0.13083852 0.15040227 0.12994272 0.14075106
  0.13658502 0.14635363 0.15670301 0.15621573 0.14269339 0.12679328
  0.13693846 0.1393583 ]
 [0.12887154 0.13882042 0.14802587 0.13565876 0.13589369 0.13151745
  0.13893214 0.12960673 0.13201236 0.14371831 0.13268631 0.13666308
  0.1326322  0.14453868 0.1436398  0.14269339 0.15656905 0.12313251
  0.13742891 0.13543813]
 [0.1133805  0.13370831 0.12771147 0.11871957 0.12762868 0.1207943
  0.12120445 0.12069337 0.1144703  0.13605817 0.11781459 0.12374507
  0.11936062 0.12346063 0.1313882  0.12679328 0.12313251 0.12327044
  0.12725627 0.12556983]
 [0.12767588 0.14381785 0.14484797 0.1298192  0.13822465 0.1311033
  0.13576807 0.12749006 0.1172589  0.14618064 0.13221642 0.13431966
  0.13244591 0.13883605 0.14181715 0.13693846 0.13742891 0.12725627
  0.14388287 0.13411835]
 [0.12522917 0.14879333 0.13897979 0.13071008 0.13916108 0.13991322
  0.14428453 0.13982745 0.12652698 0.1430596  0.12999599 0.14063648
  0.13747983 0.15131518 0.14983761 0.1393583  0.13543813 0.12556983
  0.13411835 0.15933743]]
[[0.02659527 0.01872359 0.02123868 0.01816858 0.02261878 0.01651855
  0.0202316  0.01560748 0.01473715 0.01852625 0.01730386 0.01919576
  0.01648617 0.01680558 0.01993511 0.01583714 0.01650508 0.01723377
  0.0180749  0.01681263]
 [0.01872359 0.03403027 0.02146203 0.02352156 0.02698273 0.0195246
  0.02220348 0.02611874 0.01848245 0.0242025  0.02191752 0.02597986
  0.02023816 0.02193073 0.03235895 0.02378875 0.0181228  0.02229405
  0.0222438  0.02292154]
 [0.02123868 0.02146203 0.03592414 0.02097359 0.02742417 0.01921873
  0.02251902 0.01719672 0.01704601 0.02299495 0.02445008 0.02563378
  0.02282433 0.02142773 0.02467739 0.02108644 0.02382503 0.01958991
  0.02499689 0.01987939]
 [0.01816858 0.02352156 0.02097359 0.02897388 0.0214395  0.01975297
  0.01972973 0.01918925 0.02045096 0.02316329 0.02004355 0.02247062
  0.0194952  0.02139916 0.02483126 0.02011884 0.02062559 0.01881399
  0.02085181 0.01935825]
 [0.02261878 0.02698273 0.02742417 0.0214395  0.0341481  0.02140298
  0.02283648 0.02052698 0.0175275  0.02388208 0.02313472 0.02610916
  0.022427   0.02064899 0.02761095 0.02242847 0.0193276  0.02370239
  0.02487263 0.02289866]
 [0.01651855 0.0195246  0.01921873 0.01975297 0.02140298 0.02254293
  0.01809137 0.01710653 0.01815609 0.01781629 0.0169224  0.02153981
  0.01747459 0.01799915 0.02199918 0.01829198 0.01748512 0.01725392
  0.01854632 0.02280465]
 [0.0202316  0.02220348 0.02251902 0.01972973 0.02283648 0.01809137
  0.02486997 0.0207129  0.01706569 0.02232839 0.0199912  0.02191438
  0.0185089  0.02062482 0.02704431 0.02107058 0.01905127 0.01970484
  0.02252849 0.02332909]
 [0.01560748 0.02611874 0.01719672 0.01918925 0.02052698 0.01710653
  0.0207129  0.02815105 0.01680427 0.01664925 0.0194289  0.02065292
  0.01729145 0.01835578 0.02792175 0.01971282 0.01580798 0.01826377
  0.01825572 0.0232924 ]
 [0.01473715 0.01848245 0.01704601 0.02045096 0.0175275  0.01815609
  0.01706569 0.01680427 0.03215319 0.02074398 0.01548676 0.02050812
  0.01759644 0.01984726 0.0243124  0.01904905 0.02102367 0.01806459
  0.01429149 0.01846851]
 [0.01852625 0.0242025  0.02299495 0.02316329 0.02388208 0.01781629
  0.02232839 0.01664925 0.02074398 0.03817184 0.02090387 0.02380746
  0.02182564 0.02261971 0.02798164 0.02347961 0.01994875 0.02328785
  0.02265817 0.02163968]
 [0.01730386 0.02191752 0.02445008 0.02004355 0.02313472 0.0169224
  0.0199912  0.0194289  0.01548676 0.02090387 0.02626828 0.01881035
  0.01794121 0.01788969 0.02313373 0.01677825 0.0179712  0.01984845
  0.02203161 0.01918037]
 [0.01919576 0.02597986 0.02563378 0.02247062 0.02610916 0.02153981
  0.02191438 0.02065292 0.02050812 0.02380746 0.01881035 0.03607584
  0.02292694 0.02407891 0.02973358 0.02339539 0.02066412 0.02077199
  0.02162152 0.02309926]
 [0.01648617 0.02023816 0.02282433 0.0194952  0.022427   0.01747459
  0.0185089  0.01729145 0.01759644 0.02182564 0.01794121 0.02292694
  0.02725076 0.0199262  0.02320132 0.01890395 0.01819288 0.01731146
  0.02012459 0.02149232]
 [0.01680558 0.02193073 0.02142773 0.02139916 0.02064899 0.01799915
  0.02062482 0.01835578 0.01984726 0.02261971 0.01788969 0.02407891
  0.0199262  0.02826526 0.026311   0.01985445 0.01925958 0.01712839
  0.0207324  0.02404893]
 [0.01993511 0.03235895 0.02467739 0.02483126 0.02761095 0.02199918
  0.02704431 0.02792175 0.0243124  0.02798164 0.02313373 0.02973358
  0.02320132 0.026311   0.04116696 0.02944579 0.02283711 0.02421249
  0.0240107  0.02689765]
 [0.01583714 0.02378875 0.02108644 0.02011884 0.02242847 0.01829198
  0.02107058 0.01971282 0.01904905 0.02347961 0.01677825 0.02339539
  0.01890395 0.01985445 0.02944579 0.03051441 0.01883936 0.01916995
  0.01994197 0.0215845 ]
 [0.01650508 0.0181228  0.02382503 0.02062559 0.0193276  0.01748512
  0.01905127 0.01580798 0.02102367 0.01994875 0.0179712  0.02066412
  0.01819288 0.01925958 0.02283711 0.01883936 0.03038477 0.01755126
  0.01982149 0.01821107]
 [0.01723377 0.02229405 0.01958991 0.01881399 0.02370239 0.01725392
  0.01970484 0.01826377 0.01806459 0.02328785 0.01984845 0.02077199
  0.01731146 0.01712839 0.02421249 0.01916995 0.01755126 0.02826404
  0.02306941 0.02103127]
 [0.0180749  0.0222438  0.02499689 0.02085181 0.02487263 0.01854632
  0.02252849 0.01825572 0.01429149 0.02265817 0.02203161 0.02162152
  0.02012459 0.0207324  0.0240107  0.01994197 0.01982149 0.02306941
  0.0286884  0.02222649]
 [0.01681263 0.02292154 0.01987939 0.01935825 0.02289866 0.02280465
  0.02332909 0.0232924  0.01846851 0.02163968 0.01918037 0.02309926
  0.02149232 0.02404893 0.02689765 0.0215845  0.01821107 0.02103127
  0.02222649 0.03643945]]
