Topic 1:

Mean of cosine scores: 0.03344073393164241
Variance of cosine scores: 0.001973959036313905


Topic 2:

Mean of cosine scores: 0.028809602738010174
Variance of cosine scores: 0.001718684929620675


Topic 3:

Mean of cosine scores: 0.0313417820523402
Variance of cosine scores: 0.0016253901583511863


Topic 4:

Mean of cosine scores: 0.034676266233544285
Variance of cosine scores: 0.002523410762712429


[[0.03344073 0.02607669 0.02539038 0.02358684]
 [0.02607669 0.0288096  0.02413135 0.024815  ]
 [0.02539038 0.02413135 0.03134178 0.02318101]
 [0.02358684 0.024815   0.02318101 0.03467627]]
[[0.00197396 0.0005073  0.00046163 0.00045433]
 [0.0005073  0.00171868 0.00042325 0.00049648]
 [0.00046163 0.00042325 0.00162539 0.00044718]
 [0.00045433 0.00049648 0.00044718 0.00252341]]
